7.11813424e+01 2.28544819e-02 1.11542392e-01 1.53003878e-01  2.50168701e-09 9.87419611e-01 8.57732463e-01 1.79556207e-01
6.85376886e+01 2.22340618e-02 1.16156918e-01 1.00000159e-02  1.89230175e-09 9.67356094e-01 7.58449774e-01 1.91712957e-01
7.35946870e+01 2.34451298e-02 1.07654515e-01 2.24259509e-01  2.85937499e-09 1.01060025e+00 9.04478689e-01 1.69725410e-01
7.63055146e+01 2.42680783e-02 1.03163467e-01 2.66907272e-01  3.07999896e-09 1.02230339e+00 9.14715759e-01 1.59465996e-01
7.20613155e+01 2.34206145e-02 1.10442124e-01 1.54156774e-01  2.51162904e-09 9.93709876e-01 8.53832451e-01 1.76681935e-01
7.09140729e+01 2.28428220e-02 1.12948837e-01 9.20970868e-02  2.22876995e-09 9.84711633e-01 8.15133542e-01 1.82118453e-01
7.05748230e+01 2.28378248e-02 1.12376204e-01 1.49415777e-01  2.48186301e-09 9.87624544e-01 8.57360813e-01 1.82067702e-01
7.16221143e+01 2.27905870e-02 1.10235144e-01 1.94255826e-01  2.71052273e-09 9.95946626e-01 8.90163488e-01 1.76702748e-01
7.04976976e+01 2.28060922e-02 1.13128552e-01 1.34562963e-01  2.41460264e-09 9.88023976e-01 8.49645844e-01 1.83277364e-01
7.10811197e+01 2.29211096e-02 1.11859012e-01 2.05056310e-01  2.77697209e-09 9.88951864e-01 9.05140012e-01 1.80289215e-01
7.45195912e+01 2.36596816e-02 1.04954882e-01 2.83666141e-01  3.15385984e-09 1.01538109e+00 9.35256180e-01 1.64501681e-01
7.56821844e+01 2.39036092e-02 1.03544701e-01 3.20976385e-01  3.42627336e-09 1.02941138e+00 9.71670276e-01 1.60718768e-01
7.59563216e+01 2.32789043e-02 1.01860928e-01 2.96539153e-01  3.27544484e-09 1.01925588e+00 9.40619546e-01 1.57383514e-01
7.02598264e+01 2.24777333e-02 1.12682753e-01 1.49269171e-01  2.49969776e-09 9.81650353e-01 8.61781572e-01 1.82857795e-01
7.31199474e+01 2.31862499e-02 1.07734042e-01 2.18603150e-01  2.81285202e-09 1.00266454e+00 8.95540217e-01 1.70525034e-01
7.17383464e+01 2.28084446e-02 1.10950403e-01 1.77746752e-01  2.62905228e-09 9.94386673e-01 8.80184594e-01 1.77468273e-01
6.84181067e+01 2.23040595e-02 1.17544161e-01 2.33900759e-02  1.98919489e-09 9.69328471e-01 7.83522940e-01 1.94106768e-01
6.92514856e+01 2.25798555e-02 1.15823032e-01 1.34060039e-01  2.42499504e-09 9.75335554e-01 8.58964738e-01 1.89829744e-01
7.38830554e+01 2.35158930e-02 1.06600001e-01 2.43747963e-01  2.98082171e-09 1.00476568e+00 9.15062108e-01 1.67797962e-01
6.83934556e+01 2.22438869e-02 1.16536868e-01 7.62917540e-02  2.16826238e-09 9.67267319e-01 8.13132468e-01 1.92635727e-01
7.12313537e+01 2.31477998e-02 1.12280651e-01 1.69756563e-01  2.56596634e-09 9.94382002e-01 8.72955127e-01 1.80775930e-01
7.41146992e+01 2.34822350e-02 1.06304785e-01 2.52223341e-01  3.02478777e-09 1.01345339e+00 9.24021678e-01 1.66915031e-01
6.98413510e+01 2.25766693e-02 1.14454994e-01 8.53914272e-02  2.20848164e-09 9.79652184e-01 8.16188455e-01 1.86455220e-01
6.71709563e+01 2.24109396e-02 1.20605988e-01 1.00000451e-02  1.91948878e-09 9.64491146e-01 7.77209096e-01 2.01961738e-01
7.88849807e+01 2.43594671e-02 9.78725526e-02 4.02132315e-01  3.95557099e-09 1.04849732e+00 1.01300062e+00 1.48429413e-01
7.34594148e+01 2.38461877e-02 1.08724159e-01 2.53298173e-01  3.02568207e-09 1.00696217e+00 9.31966402e-01 1.71851939e-01
7.17598734e+01 2.29023008e-02 1.10750424e-01 1.77177172e-01  2.63567377e-09 9.95881311e-01 8.80101315e-01 1.77237055e-01
7.14020263e+01 2.29758509e-02 1.10592788e-01 1.52983941e-01  2.50455901e-09 9.84073512e-01 8.51802112e-01 1.77863315e-01
7.18631735e+01 2.29033632e-02 1.09342638e-01 1.83895884e-01  2.65268677e-09 9.97037254e-01 8.75881103e-01 1.75057287e-01
6.81545812e+01 2.19609578e-02 1.17041725e-01 3.99263356e-02  2.03698176e-09 9.64784479e-01 7.90848458e-01 1.93690757e-01
7.21739645e+01 2.32660978e-02 1.10535236e-01 1.46550366e-01  2.45589586e-09 1.00066221e+00 8.48488307e-01 1.76417219e-01
6.79987005e+01 2.24395578e-02 1.18941017e-01 1.00002288e-02  1.92867228e-09 9.63722264e-01 7.73886475e-01 1.97356160e-01
6.96118003e+01 2.26709527e-02 1.14867737e-01 1.04753518e-01  2.28136252e-09 9.77605236e-01 8.29644474e-01 1.87682827e-01
6.84666155e+01 2.18775302e-02 1.16179040e-01 2.34658013e-02  1.96023733e-09 9.75925925e-01 7.76664836e-01 1.91564668e-01
6.81888373e+01 2.19392182e-02 1.16966416e-01 1.01021569e-02  1.89718232e-09 9.71443991e-01 7.65067803e-01 1.93472303e-01
7.32629694e+01 2.33519121e-02 1.07802942e-01 2.20070409e-01  2.84195809e-09 1.00266596e+00 8.99641033e-01 1.70497111e-01
7.75653336e+01 2.44310189e-02 1.01349164e-01 3.77352093e-01  3.83218723e-09 1.04141486e+00 1.01656186e+00 1.55093983e-01
7.25657432e+01 2.32039657e-02 1.09311121e-01 1.93248147e-01  2.70671822e-09 9.92490809e-01 8.82397477e-01 1.73841328e-01
7.16408783e+01 2.26793962e-02 1.09897774e-01 2.23339664e-01  2.84345396e-09 9.96358248e-01 9.10809786e-01 1.76080327e-01
6.98952526e+01 2.24934762e-02 1.13624751e-01 9.72624990e-02  2.22963950e-09 9.78494877e-01 8.16522703e-01 1.85057809e-01
7.23718055e+01 2.31557903e-02 1.09607250e-01 1.52651154e-01  2.49933800e-09 9.94902228e-01 8.50285713e-01 1.74605999e-01
7.27834337e+01 2.32927429e-02 1.09161912e-01 2.70606200e-01  3.12483223e-09 1.00733318e+00 9.52552091e-01 1.73274554e-01
7.07424738e+01 2.30105941e-02 1.12468254e-01 1.81774717e-01  2.65268733e-09 9.89788632e-01 8.86732116e-01 1.81993236e-01
7.40814842e+01 2.30126706e-02 1.05504080e-01 2.49540301e-01  2.97299334e-09 1.00697886e+00 9.12358843e-01 1.65428932e-01
7.06322032e+01 2.29377059e-02 1.13348831e-01 1.21170123e-01  2.37725942e-09 9.78637152e-01 8.40489783e-01 1.83415259e-01
7.36981024e+01 2.31882463e-02 1.05979194e-01 2.43383883e-01  2.91474593e-09 1.01098755e+00 9.05515382e-01 1.66990041e-01
7.02826807e+01 2.26702708e-02 1.12722525e-01 1.18715187e-01  2.31815052e-09 9.89119942e-01 8.31284479e-01 1.83054769e-01
6.81725810e+01 2.21977169e-02 1.17922867e-01 6.49839208e-02  2.13692454e-09 9.64933559e-01 8.12471425e-01 1.95174689e-01
7.08143864e+01 2.23601018e-02 1.11990918e-01 1.04666805e-01  2.29625170e-09 9.78786197e-01 8.23785734e-01 1.80507230e-01
7.17439433e+01 2.31328658e-02 1.10109139e-01 1.83810506e-01  2.65741614e-09 9.95151058e-01 8.78246283e-01 1.76608035e-01
7.80499408e+01 2.40674507e-02 9.93232629e-02 3.49334267e-01  3.59150568e-09 1.03534988e+00 9.71268932e-01 1.51323489e-01
7.37144669e+01 2.35380883e-02 1.07603798e-01 2.51518995e-01  3.01413759e-09 1.00930547e+00 9.27347986e-01 1.69511874e-01
7.01442652e+01 2.31183956e-02 1.14261402e-01 1.22868160e-01  2.37136335e-09 9.78432408e-01 8.41467122e-01 1.86013254e-01
7.07230706e+01 2.28433517e-02 1.12836065e-01 1.21714578e-01  2.38207083e-09 9.85214271e-01 8.41812248e-01 1.82389683e-01
7.41704955e+01 2.34517687e-02 1.05756773e-01 2.43376950e-01  2.97637769e-09 1.01188374e+00 9.13062117e-01 1.66037810e-01
7.54021159e+01 2.33196821e-02 1.03618004e-01 3.02807925e-01  3.30441403e-09 1.01780096e+00 9.54281482e-01 1.60740234e-01
6.95241983e+01 2.27402534e-02 1.15125066e-01 1.08021013e-01  2.30673673e-09 9.86506380e-01 8.37667969e-01 1.88330176e-01
6.91858376e+01 2.22908302e-02 1.15890277e-01 1.00000593e-02  1.88220081e-09 9.70366924e-01 7.57309320e-01 1.89796610e-01
7.09950729e+01 2.24961348e-02 1.11438358e-01 1.17198175e-01  2.32550900e-09 9.87222959e-01 8.28462194e-01 1.79462462e-01
7.25374746e+01 2.31645462e-02 1.09183621e-01 1.80053832e-01  2.63251627e-09 9.93961088e-01 8.70272196e-01 1.73684841e-01
7.59507281e+01 2.35860463e-02 1.02025319e-01 3.46030376e-01  3.56462995e-09 1.03898881e+00 9.87752166e-01 1.57916975e-01
6.86134954e+01 2.25734320e-02 1.17269891e-01 8.29148081e-02  2.20382259e-09 9.61618744e-01 8.19725286e-01 1.93487172e-01
6.91973591e+01 2.26213862e-02 1.16565344e-01 1.00000568e-02  1.90577456e-09 9.69745854e-01 7.62738075e-01 1.91074844e-01
6.66579199e+01 2.17938845e-02 1.20490920e-01 1.00008196e-02  1.91578974e-09 9.58240445e-01 7.76642442e-01 2.02553981e-01
6.94432398e+01 2.25419200e-02 1.14971957e-01 1.30681173e-01  2.40864014e-09 9.80133241e-01 8.54253635e-01 1.88104410e-01
7.24303216e+01 2.30511400e-02 1.09550724e-01 2.03560599e-01  2.74498590e-09 1.00051875e+00 8.93611363e-01 1.74300951e-01
7.38044784e+01 2.34279479e-02 1.05945451e-01 2.72650159e-01  3.11536400e-09 1.01425275e+00 9.35486591e-01 1.66976758e-01
7.27398053e+01 2.28091840e-02 1.07788000e-01 1.48299145e-01  2.45581819e-09 9.98025835e-01 8.37449082e-01 1.70992148e-01
7.27167466e+01 2.32101900e-02 1.08875106e-01 1.81016484e-01  2.63291318e-09 1.00248977e+00 8.71686476e-01 1.72935131e-01
6.75102417e+01 2.22354227e-02 1.19763681e-01 1.00000395e-02  1.93077938e-09 9.55718919e-01 7.75427619e-01 1.99636181e-01
7.57445738e+01 2.36628312e-02 1.02926595e-01 3.12693987e-01  3.36843221e-09 1.02983466e+00 9.61596226e-01 1.59549258e-01
7.23274167e+01 2.31198844e-02 1.09337685e-01 2.08554067e-01  2.73714174e-09 1.00197010e+00 8.90895116e-01 1.74290339e-01
7.13834019e+01 2.26280467e-02 1.10627611e-01 1.56124585e-01  2.50580651e-09 9.92251637e-01 8.57363462e-01 1.77604705e-01
7.15635116e+01 2.26058645e-02 1.10182034e-01 2.17050251e-01  2.82125717e-09 9.95952695e-01 9.09077243e-01 1.76569849e-01
6.76814153e+01 2.26652225e-02 1.19587096e-01 1.00001338e-02  1.90883285e-09 9.66794377e-01 7.71283521e-01 1.99356409e-01
7.20330469e+01 2.33267155e-02 1.10483588e-01 1.95460155e-01  2.73187451e-09 9.97305630e-01 8.92547086e-01 1.76705744e-01
6.77823692e+01 2.17359021e-02 1.17076888e-01 1.00043532e-02  1.90693296e-09 9.69778619e-01 7.67282904e-01 1.94460594e-01
7.23286330e+01 2.34833701e-02 1.09791587e-01 2.05174763e-01  2.74720842e-09 1.00092663e+00 8.92022296e-01 1.75278838e-01
7.10191363e+01 2.26982244e-02 1.10841107e-01 1.31073482e-01  2.42903979e-09 9.89605576e-01 8.43048209e-01 1.78770394e-01
7.13885484e+01 2.28081648e-02 1.10732311e-01 1.65494318e-01  2.56203194e-09 9.91947241e-01 8.66085844e-01 1.77920314e-01
7.07304562e+01 2.26825138e-02 1.12867118e-01 8.60383320e-02  2.21929255e-09 9.82387346e-01 8.12918056e-01 1.82256089e-01
6.83791663e+01 2.21613033e-02 1.16709784e-01 1.00000125e-02  1.90619834e-09 9.73635417e-01 7.65510638e-01 1.92841630e-01
7.09006823e+01 2.28672103e-02 1.12387038e-01 9.08343906e-02  2.22891570e-09 9.93229672e-01 8.14962232e-01 1.81380548e-01
7.35212728e+01 2.28043388e-02 1.06114187e-01 2.82350352e-01  3.18439523e-09 1.01590545e+00 9.51780058e-01 1.67135609e-01
7.35125894e+01 2.35337338e-02 1.08247983e-01 2.38643816e-01  2.97410346e-09 1.00307303e+00 9.22262965e-01 1.70784680e-01
6.99972788e+01 2.29788508e-02 1.14437111e-01 8.83711577e-02  2.22700558e-09 9.80558171e-01 8.17496756e-01 1.86466793e-01
7.17784216e+01 2.26477910e-02 1.09636244e-01 1.64968798e-01  2.56445448e-09 9.93074616e-01 8.63088617e-01 1.75390414e-01
6.74211230e+01 2.21254699e-02 1.19117178e-01 1.47861525e-02  1.92146867e-09 9.62720843e-01 7.73371020e-01 1.98801818e-01
7.08058184e+01 2.33054583e-02 1.13064684e-01 1.61072602e-01  2.56436077e-09 9.87992908e-01 8.72418659e-01 1.82988217e-01
7.06325914e+01 2.25237606e-02 1.11864057e-01 1.39301380e-01  2.45012809e-09 9.79909923e-01 8.49044984e-01 1.80898322e-01
7.17502515e+01 2.30759643e-02 1.10248656e-01 1.74909951e-01  2.61438282e-09 9.93958295e-01 8.71887964e-01 1.76732089e-01
6.75178073e+01 2.17782119e-02 1.17624125e-01 2.56786721e-02  1.96829490e-09 9.66649663e-01 7.80008920e-01 1.95990216e-01
7.08263710e+01 2.27838736e-02 1.12036152e-01 1.20139355e-01  2.33841419e-09 9.86534350e-01 8.31160472e-01 1.80968107e-01
7.40109262e+01 2.36011493e-02 1.06740330e-01 1.97636835e-01  2.70026315e-09 1.00924076e+00 8.73059119e-01 1.67823544e-01
7.46097990e+01 2.31505166e-02 1.04708779e-01 2.65599556e-01  3.03763739e-09 1.01408879e+00 9.20046973e-01 1.63492375e-01
7.21515865e+01 2.26866896e-02 1.08243962e-01 1.89781471e-01  2.66333999e-09 9.93578660e-01 8.72615688e-01 1.72709672e-01
7.59210806e+01 2.39114786e-02 1.03499196e-01 2.86935000e-01  3.20220982e-09 1.02679809e+00 9.38585722e-01 1.60236193e-01
7.38883287e+01 2.32220112e-02 1.06351246e-01 2.12997478e-01  2.78138839e-09 1.00532519e+00 8.84924778e-01 1.67157120e-01
7.16097598e+01 2.26783819e-02 1.10808802e-01 1.31617550e-01  2.40328718e-09 9.88870065e-01 8.39653374e-01 1.77418186e-01
7.22341746e+01 2.32456745e-02 1.10313205e-01 1.78032180e-01  2.63444879e-09 9.89062144e-01 8.73774845e-01 1.75961761e-01
7.11529532e+01 2.26740334e-02 1.10355871e-01 1.37973777e-01  2.41821404e-09 9.91669283e-01 8.39818450e-01 1.77770718e-01
