9.49728564e+01 6.12118843e-02 1.70971557e-01 4.07378669e-01  2.07537295e-09 9.44770246e-01 8.52147649e-01 2.41233381e-01
8.87850605e+01 5.61158920e-02 1.92083982e-01 7.99642668e-01  1.36479715e-09 8.33768918e-01 7.17666195e-01 2.72463080e-01
8.73520225e+01 5.01943886e-02 1.20819097e-01 1.00012132e-02  3.21010805e-09 1.08505377e+00 9.16175713e-01 1.88507267e-01
9.99996599e+01 3.68132109e-02 1.63204801e-01 1.79374333e-01  2.02331518e-09 8.59845639e-01 9.02328818e-01 2.00018567e-01
8.92623064e+01 5.60736432e-02 1.48772287e-01 5.26905823e-01  2.36067743e-09 9.78389925e-01 8.48443534e-01 2.22742300e-01
5.76839150e+01 7.96859748e-03 8.70561595e-02 3.50532756e-01  2.45600945e-09 8.51523932e-01 7.68957336e-01 1.58887895e-01
9.15106995e+01 5.40952793e-02 1.50655489e-01 5.88303824e-01  2.28792304e-09 1.01052870e+00 8.70790917e-01 2.18726836e-01
8.46141421e+01 4.35384481e-02 1.40182249e-01 1.02858523e-02  2.52630035e-09 9.13609014e-01 8.71078445e-01 2.09210812e-01
8.12334722e+01 3.23663573e-02 1.31370235e-01 1.06237270e-01  2.22253126e-09 9.91931631e-01 8.65025998e-01 1.94085697e-01
8.89713322e+01 4.65686086e-02 1.70634314e-01 7.93913708e-01  2.24438650e-09 8.00220994e-01 8.81426390e-01 2.38354334e-01
9.91595656e+01 7.69016259e-02 1.35774878e-01 1.92014082e-01  3.61091566e-09 1.15647624e+00 9.71466025e-01 2.13827274e-01
9.60652847e+01 5.43530248e-02 1.38688801e-01 6.12208326e-01  3.23771326e-09 1.05376213e+00 1.00058274e+00 1.98722347e-01
7.93793623e+01 3.61057796e-02 1.02735818e-01 7.99875484e-01  3.92049066e-09 9.72866910e-01 9.20838672e-01 1.65529618e-01
8.13258145e+01 3.05110249e-02 1.32385336e-01 1.26432002e-01  2.21496178e-09 1.00915046e+00 8.87072034e-01 1.93294929e-01
7.34609237e+01 1.12356635e-02 1.13527949e-01 4.32620912e-01  2.29883317e-09 8.71696870e-01 8.81615597e-01 1.65777620e-01
9.99878629e+01 7.21432504e-02 1.97247562e-01 7.99996040e-01  2.03783943e-09 8.68253581e-01 8.58744901e-01 2.69414756e-01
9.99997631e+01 8.65033277e-02 2.08810983e-01 7.99459447e-01  1.56085985e-09 9.77659033e-01 7.80974165e-01 2.95314806e-01
8.34169104e+01 2.37266996e-02 1.72990326e-01 3.47241596e-01  1.56611170e-09 8.00000632e-01 8.44853506e-01 2.31107104e-01
9.99996196e+01 6.89999857e-02 1.58196708e-01 3.05586228e-01  2.76295877e-09 1.02664058e+00 9.37387267e-01 2.27197296e-01
7.47285214e+01 3.13704335e-02 1.33474527e-01 5.99151445e-01  2.06553582e-09 9.08219840e-01 8.04394830e-01 2.09982996e-01
8.55044625e+01 5.26305183e-02 1.27533145e-01 5.20742095e-01  2.91461776e-09 1.10070164e+00 8.99599743e-01 2.01784306e-01
8.61357400e+01 4.37158159e-02 1.25466923e-01 9.37986280e-02  3.15084045e-09 1.03059387e+00 9.47927468e-01 1.89377678e-01
7.44292109e+01 3.37303655e-02 1.18356968e-01 3.35656886e-01  2.33852393e-09 9.51344190e-01 7.88939614e-01 1.92749878e-01
9.99998772e+01 9.25234493e-02 1.76895308e-01 1.00000514e-02  1.63871724e-09 1.19819434e+00 7.77515779e-01 2.69418975e-01
9.99942317e+01 4.09733017e-02 1.27928825e-01 7.99996247e-01  3.38647949e-09 1.08386743e+00 1.07051344e+00 1.68909507e-01
9.12613753e+01 6.72725066e-02 1.25207577e-01 1.59371223e-02  3.71774382e-09 1.19928553e+00 9.78107474e-01 2.04469187e-01
9.25791961e+01 4.93365231e-02 1.53062013e-01 3.74025642e-01  2.23492672e-09 1.07013723e+00 9.26918186e-01 2.14667417e-01
8.88970858e+01 6.68562065e-02 1.20924536e-01 5.57067068e-01  3.23244442e-09 1.19999998e+00 8.81687275e-01 2.02883765e-01
7.47943520e+01 3.11676749e-02 1.04246278e-01 7.99998704e-01  3.12820708e-09 1.09530154e+00 9.00315819e-01 1.70544880e-01
9.99539353e+01 8.26045303e-02 2.06860541e-01 1.00009786e-02  1.60518494e-09 9.50976258e-01 7.88337487e-01 2.89560405e-01
9.26752570e+01 4.40113678e-02 1.71550161e-01 3.53356975e-01  1.82458225e-09 8.64212380e-01 8.41668070e-01 2.29120281e-01
7.93957474e+01 5.69260555e-02 1.34459471e-01 1.87842631e-02  2.19874417e-09 1.08722034e+00 7.75766593e-01 2.26279547e-01
7.13155686e+01 3.53042997e-02 9.70473313e-02 4.39332917e-01  3.20486449e-09 1.18607643e+00 8.59431991e-01 1.71385850e-01
9.95849143e+01 7.91094138e-02 2.06744600e-01 1.00046497e-02  1.51551638e-09 9.28229638e-01 7.67132434e-01 2.86715758e-01
8.34513242e+01 5.76111247e-02 1.73206308e-01 4.29141458e-01  1.57791347e-09 8.76423426e-01 7.20489148e-01 2.65164821e-01
6.99589985e+01 1.41694177e-02 9.32063713e-02 5.79461556e-01  3.16113066e-09 1.08151505e+00 9.51458182e-01 1.47399414e-01
8.88472700e+01 2.31086214e-02 1.35357607e-01 7.07007521e-01  2.82443229e-09 8.23198404e-01 9.97880916e-01 1.75457261e-01
9.48158962e+01 5.66038242e-02 1.57552079e-01 2.14283317e-01  2.33187986e-09 9.94387571e-01 8.94742802e-01 2.22770137e-01
9.60835631e+01 7.23117044e-02 1.57211597e-01 1.59827867e-01  2.80813965e-09 1.04705193e+00 9.28304249e-01 2.35931362e-01
7.13917371e+01 3.15676119e-02 1.02645489e-01 3.09560990e-01  2.74925253e-09 1.05523234e+00 8.11824916e-01 1.75345440e-01
9.97073872e+01 6.85942926e-02 1.90861547e-01 7.99999477e-01  1.97379844e-09 8.15902904e-01 8.15652755e-01 2.60015964e-01
7.83029431e+01 2.07557558e-02 1.33405589e-01 2.93901323e-01  2.49403657e-09 8.00003673e-01 9.21270373e-01 1.91126861e-01
8.36514621e+01 5.02924661e-02 1.23011755e-01 7.78323989e-01  3.05626484e-09 1.17262886e+00 9.36393437e-01 1.97345192e-01
9.19949382e+01 5.75666547e-02 1.25076242e-01 3.99126807e-01  3.33716953e-09 1.16928521e+00 9.66463616e-01 1.93526572e-01
9.99992516e+01 7.40155732e-02 1.84916446e-01 5.01402760e-01  1.95972937e-09 9.80671827e-01 8.47098733e-01 2.58933403e-01
8.24021886e+01 4.15311443e-02 1.09475059e-01 7.98904868e-01  3.45823363e-09 1.11253285e+00 9.33928477e-01 1.74385697e-01
9.08131748e+01 4.36573308e-02 1.76032484e-01 1.19677018e-01  1.69659427e-09 8.47874660e-01 8.18056162e-01 2.37497579e-01
7.49180764e+01 1.21986424e-02 1.50612778e-01 3.93682442e-01  1.45406186e-09 8.00003383e-01 7.99409823e-01 2.13235275e-01
9.19563537e+01 4.92459507e-02 1.48013346e-01 1.45667742e-01  1.98982539e-09 1.05320059e+00 8.44724303e-01 2.10206384e-01
9.31618314e+01 6.26411129e-02 1.45296097e-01 1.00048672e-02  2.68712804e-09 1.07780782e+00 9.08449728e-01 2.18602084e-01
9.82716034e+01 3.64666684e-02 1.52483688e-01 6.85372619e-01  2.61478673e-09 8.71016106e-01 9.83265179e-01 1.91632233e-01
9.53213781e+01 5.97158293e-02 1.46919455e-01 6.31129495e-01  2.94339288e-09 1.04233096e+00 9.60335799e-01 2.13846475e-01
6.44020988e+01 1.17136619e-02 1.02260588e-01 2.44080902e-01  2.34673663e-09 9.20594575e-01 8.29866424e-01 1.70498220e-01
8.89281169e+01 4.65753341e-02 1.58255682e-01 1.01440563e-02  1.97512039e-09 9.52654444e-01 8.47286743e-01 2.24534440e-01
9.13485729e+01 5.80020574e-02 1.15140904e-01 3.47906237e-01  3.71327913e-09 1.16703894e+00 9.46443655e-01 1.84047710e-01
9.97785622e+01 4.34481381e-02 1.59729093e-01 7.99973221e-01  2.43941698e-09 9.60309726e-01 9.87775382e-01 2.03531717e-01
8.99824397e+01 7.09664261e-02 1.59122717e-01 1.00020609e-02  2.33700340e-09 1.00805384e+00 8.33102706e-01 2.47803949e-01
9.70733995e+01 9.99999719e-02 2.00578964e-01 1.00063573e-02  1.41767461e-09 1.00232615e+00 6.87465629e-01 3.06626056e-01
8.46984807e+01 4.56540433e-02 1.44178521e-01 7.99981370e-01  2.21935413e-09 8.34720420e-01 7.92066433e-01 2.15879671e-01
7.62652916e+01 3.25174076e-02 1.07909666e-01 1.00774082e-02  3.06214062e-09 1.01437374e+00 8.78935003e-01 1.74009906e-01
9.99999454e+01 5.40039844e-02 1.57719009e-01 4.33096270e-01  2.88069276e-09 9.22763874e-01 9.79820204e-01 2.11723080e-01
6.96336074e+01 3.92673068e-02 9.65631001e-02 3.62580810e-01  3.43238108e-09 1.19999987e+00 8.59219691e-01 1.77940433e-01
6.90758948e+01 2.85777356e-02 1.11244099e-01 5.56481707e-02  2.04063812e-09 9.05774519e-01 7.12269045e-01 1.89623929e-01
7.49568752e+01 2.30128871e-02 1.44005411e-01 7.66199014e-01  1.56914720e-09 9.56189800e-01 7.96940554e-01 2.15130569e-01
8.37944672e+01 3.78381653e-02 1.66366739e-01 2.35348056e-02  1.87316640e-09 8.00000423e-01 8.26441018e-01 2.36379602e-01
8.90716505e+01 4.06649342e-02 1.63270668e-01 7.99998884e-01  2.14050755e-09 8.00000137e-01 8.65316972e-01 2.23967553e-01
8.82003012e+01 5.25641859e-02 1.21685355e-01 4.26123118e-01  3.56982171e-09 1.08457806e+00 9.58031626e-01 1.90528970e-01
5.55230428e+01 5.00002954e-03 6.87799498e-02 6.88719320e-02  3.18450984e-09 9.45816466e-01 7.97692247e-01 1.28876435e-01
9.36816017e+01 6.57969825e-02 1.29671626e-01 1.10293870e-02  3.02740183e-09 1.18863897e+00 9.16493142e-01 2.04214370e-01
9.06525297e+01 7.57236400e-02 1.89363338e-01 1.00047459e-02  1.60998970e-09 9.44631100e-01 7.45614136e-01 2.84612834e-01
9.52314767e+01 6.08925779e-02 1.27375449e-01 4.42960262e-01  3.74529749e-09 1.15277785e+00 1.01674620e+00 1.94646095e-01
8.13180987e+01 3.64929369e-02 1.18557431e-01 3.43043929e-01  2.90641071e-09 1.02802278e+00 9.06530634e-01 1.82287579e-01
9.99998719e+01 6.65105913e-02 1.91552432e-01 3.27761056e-01  1.86158064e-09 9.45847971e-01 8.62345016e-01 2.58063269e-01
9.17381486e+01 5.78284575e-02 1.39880849e-01 1.58173213e-02  2.90280019e-09 1.05618641e+00 9.28864587e-01 2.10306844e-01
8.71538235e+01 7.92574855e-02 1.60107256e-01 1.00112926e-02  2.02254416e-09 1.02078094e+00 7.46797574e-01 2.62964005e-01
9.79485276e+01 5.43152215e-02 1.84892186e-01 3.37762124e-01  1.96042373e-09 8.97351339e-01 8.90872872e-01 2.43079862e-01
7.95900265e+01 3.29324295e-02 1.67970079e-01 5.94441563e-01  1.37768301e-09 8.00102212e-01 7.27012514e-01 2.43976559e-01
7.94847882e+01 2.69153632e-02 1.29845907e-01 7.99993025e-01  2.39769484e-09 8.00010557e-01 8.48352604e-01 1.90274806e-01
9.69386410e+01 7.41014355e-02 1.47015526e-01 4.79583291e-01  2.57621851e-09 1.15308815e+00 8.85165151e-01 2.25759768e-01
7.13895786e+01 2.94707062e-02 1.07157751e-01 3.99045675e-01  2.97130450e-09 9.73964214e-01 8.57421664e-01 1.79573499e-01
9.29034810e+01 7.10042555e-02 1.58228676e-01 1.00023905e-02  2.17287487e-09 1.06286929e+00 8.28079927e-01 2.41319377e-01
7.46759613e+01 6.03138001e-02 1.68576159e-01 8.66600254e-02  1.29117618e-09 9.14545674e-01 6.24808982e-01 2.86057341e-01
9.23394389e+01 4.24439198e-02 1.75439703e-01 1.00566531e-02  1.60957952e-09 8.78825048e-01 8.15797244e-01 2.32438255e-01
9.66909012e+01 6.84504828e-02 1.31886041e-01 4.14127342e-01  3.63437440e-09 1.19999908e+00 1.01539219e+00 2.04850122e-01
9.31472411e+01 4.66949347e-02 1.65593328e-01 1.83510659e-02  2.32023678e-09 8.62439503e-01 9.12076072e-01 2.24470815e-01
8.64199939e+01 4.97118841e-02 1.51980763e-01 7.11649067e-01  2.02616834e-09 9.32923761e-01 8.05415936e-01 2.25574848e-01
6.16881585e+01 1.44635411e-02 8.60382249e-02 6.18782041e-01  3.17559862e-09 9.25148642e-01 8.34667942e-01 1.53936378e-01
5.29922513e+01 1.40873798e-02 7.52184629e-02 1.03142601e-02  2.96110479e-09 9.65677952e-01 7.30618753e-01 1.56029760e-01
8.71435661e+01 5.44873106e-02 1.43657808e-01 2.66752077e-02  2.56159866e-09 1.02318936e+00 8.84898485e-01 2.19339191e-01
8.18208993e+01 3.91725322e-02 1.41990376e-01 7.63021880e-01  2.21245496e-09 9.03865508e-01 8.36194852e-01 2.12710561e-01
8.27913552e+01 1.53246500e-02 1.57996025e-01 4.72649597e-01  1.67304695e-09 8.00018982e-01 8.76622517e-01 2.06161030e-01
7.84544614e+01 4.34054367e-02 1.25126123e-01 1.00002619e-02  2.22365592e-09 1.05691337e+00 7.91331496e-01 2.02894293e-01
9.25512957e+01 6.10926164e-02 1.56094126e-01 3.25898257e-02  2.18784263e-09 9.67645469e-01 8.24330556e-01 2.29749495e-01
9.61744237e+01 2.41342118e-02 1.67587216e-01 7.49701079e-01  1.61109365e-09 8.00004552e-01 8.56579139e-01 1.98387625e-01
8.46589388e+01 3.73608635e-02 1.16288746e-01 3.14882320e-01  3.11331449e-09 1.02941246e+00 9.26127397e-01 1.74722314e-01
9.36936659e+01 4.94113660e-02 1.56309188e-01 7.99880963e-01  2.11561059e-09 9.61491617e-01 8.65533986e-01 2.16241414e-01
7.44534202e+01 2.49033400e-02 9.23675419e-02 7.76605523e-01  3.94436231e-09 1.04498346e+00 9.52403139e-01 1.48964185e-01
9.99908090e+01 7.92184606e-02 1.37648557e-01 6.72848805e-01  3.10270104e-09 1.19992054e+00 9.23190772e-01 2.16879670e-01
9.01294196e+01 7.75077765e-02 1.21990026e-01 5.48038863e-02  3.39326257e-09 1.19999829e+00 8.60871700e-01 2.12857617e-01
8.92260091e+01 4.84490886e-02 1.37645021e-01 7.98005642e-01  2.52035923e-09 1.03654014e+00 8.90524992e-01 2.02714669e-01
9.99999810e+01 9.51924411e-02 1.84572050e-01 6.30868932e-01  2.33830632e-09 9.31486826e-01 8.16603842e-01 2.79764526e-01
