6.82997717e+01 2.24113539e-02 1.17645116e-01 1.19220442e-01  2.37268680e-09 9.71464302e-01 8.55755275e-01 1.94659537e-01
6.94711576e+01 2.25091401e-02 1.14537085e-01 9.15343208e-02  2.21982871e-09 9.74212741e-01 8.16500976e-01 1.87379122e-01
6.68462897e+01 2.22975060e-02 1.21595492e-01 9.07441467e-02  2.26521711e-09 9.68841569e-01 8.49755872e-01 2.04200635e-01
6.91946739e+01 2.30247989e-02 1.17010616e-01 1.25796630e-01  2.40395996e-09 9.76034370e-01 8.57982181e-01 1.92128300e-01
7.00715937e+01 2.30734732e-02 1.14451980e-01 1.15372014e-01  2.34658707e-09 9.81791676e-01 8.39143457e-01 1.86409247e-01
6.93724708e+01 2.26209184e-02 1.16258126e-01 8.53618242e-02  2.21585615e-09 9.77260879e-01 8.23808516e-01 1.90206308e-01
6.40896732e+01 2.17565585e-02 1.26623241e-01 2.38984380e-02  1.99731611e-09 9.50417159e-01 8.07797776e-01 2.19328545e-01
6.67129406e+01 2.19722720e-02 1.20536106e-01 9.10783248e-02  2.26173892e-09 9.65952649e-01 8.45390238e-01 2.02651020e-01
6.47764213e+01 2.18171742e-02 1.25540664e-01 1.00002184e-02  1.93809080e-09 9.55088274e-01 7.94707091e-01 2.15623287e-01
6.69079607e+01 2.21065747e-02 1.20347936e-01 6.08554153e-02  2.12601265e-09 9.60415743e-01 8.16821153e-01 2.01977452e-01
6.76980426e+01 2.24115412e-02 1.18368928e-01 9.98825238e-02  2.26047259e-09 9.67693707e-01 8.35785043e-01 1.97259918e-01
6.88824586e+01 2.26332164e-02 1.16560462e-01 1.27920117e-01  2.41024497e-09 9.79030669e-01 8.59800807e-01 1.91849683e-01
6.92392200e+01 2.21030380e-02 1.14690118e-01 1.19119590e-01  2.37545657e-09 9.72987721e-01 8.47178437e-01 1.87746322e-01
6.54318289e+01 2.16829734e-02 1.23119634e-01 5.06213894e-02  2.10473677e-09 9.53106827e-01 8.20574563e-01 2.09847719e-01
6.71834907e+01 2.21493554e-02 1.19816225e-01 7.47037238e-02  2.17361809e-09 9.64555075e-01 8.25349983e-01 2.00491123e-01
6.98310612e+01 2.24783824e-02 1.14812309e-01 1.31605581e-01  2.42030297e-09 9.82579379e-01 8.57786012e-01 1.86892766e-01
6.85308297e+01 2.24578189e-02 1.17688861e-01 1.01175907e-01  2.32491968e-09 9.72502904e-01 8.47963163e-01 1.94189084e-01
6.73759831e+01 2.23231900e-02 1.20021503e-01 1.26320883e-01  2.41152553e-09 9.65757347e-01 8.69988937e-01 2.00460113e-01
6.88425898e+01 2.25377227e-02 1.16340687e-01 7.84262405e-02  2.19572330e-09 9.68847765e-01 8.17021038e-01 1.91532944e-01
6.63036354e+01 2.18580626e-02 1.21001032e-01 1.62297538e-02  1.94285171e-09 9.55546627e-01 7.81957243e-01 2.04353383e-01
6.59530195e+01 2.21780927e-02 1.23395544e-01 3.34706204e-02  2.00627082e-09 9.61940171e-01 8.03280629e-01 2.09274217e-01
6.86857034e+01 2.23822814e-02 1.16655134e-01 4.71049536e-02  2.06073833e-09 9.73871086e-01 7.95091485e-01 1.92221313e-01
6.73816153e+01 2.22943485e-02 1.20094619e-01 1.09607094e-01  2.34852681e-09 9.68968490e-01 8.60159693e-01 2.00524892e-01
6.88806024e+01 2.28695697e-02 1.17397642e-01 1.20093497e-01  2.37560703e-09 9.76459261e-01 8.55158038e-01 1.93306003e-01
6.70423996e+01 2.21391574e-02 1.20171420e-01 4.25531611e-02  2.04479158e-09 9.59538309e-01 8.00225462e-01 2.01386053e-01
7.04449672e+01 2.32511631e-02 1.14527846e-01 1.63445715e-01  2.56658396e-09 9.84556858e-01 8.78643980e-01 1.85828918e-01
6.82159657e+01 2.22446458e-02 1.17883587e-01 6.94203657e-02  2.16265335e-09 9.72191644e-01 8.19229717e-01 1.95054026e-01
6.77804112e+01 2.23997432e-02 1.18209532e-01 1.03931074e-01  2.31261743e-09 9.63450030e-01 8.43587066e-01 1.96800473e-01
6.89520366e+01 2.23765277e-02 1.15134455e-01 1.03820846e-01  2.29314533e-09 9.77717124e-01 8.33428473e-01 1.89354127e-01
6.64322600e+01 2.17822250e-02 1.21115501e-01 6.68493166e-02  2.17063373e-09 9.57124296e-01 8.28346951e-01 2.04096512e-01
6.57528008e+01 2.21508956e-02 1.23850068e-01 1.00000005e-02  1.93054477e-09 9.59921421e-01 7.88786545e-01 2.10507995e-01
6.91976289e+01 2.27166437e-02 1.16885123e-01 9.42302526e-02  2.27127112e-09 9.72987911e-01 8.34539092e-01 1.91631569e-01
6.75825742e+01 2.23952507e-02 1.19391160e-01 1.02527326e-01  2.29550691e-09 9.67402690e-01 8.46597163e-01 1.99054932e-01
6.76916216e+01 2.18444125e-02 1.18102202e-01 6.07778624e-02  2.12203552e-09 9.73041352e-01 8.13982672e-01 1.96315342e-01
7.09885493e+01 2.25358990e-02 1.11547977e-01 1.43194507e-01  2.44396149e-09 9.90204466e-01 8.50530691e-01 1.79671068e-01
6.79635844e+01 2.22615092e-02 1.18034313e-01 1.00004117e-02  1.91499301e-09 9.65180547e-01 7.68782024e-01 1.95934387e-01
6.75007253e+01 2.25979949e-02 1.20678987e-01 1.07287774e-01  2.34905079e-09 9.68079935e-01 8.60898136e-01 2.01379758e-01
6.90179006e+01 2.25829149e-02 1.16458300e-01 1.13765786e-01  2.35022141e-09 9.69847518e-01 8.46269781e-01 1.91319285e-01
6.65355230e+01 2.17825807e-02 1.20443277e-01 8.48905531e-02  2.21414194e-09 9.62467133e-01 8.35713239e-01 2.02803593e-01
6.71641544e+01 2.21448925e-02 1.19753237e-01 1.02962338e-01  2.28791826e-09 9.65455807e-01 8.46725115e-01 2.00444222e-01
6.95170253e+01 2.26558569e-02 1.15361500e-01 9.10673881e-02  2.24020274e-09 9.78370426e-01 8.24584148e-01 1.88602974e-01
6.58335179e+01 2.20567952e-02 1.23617123e-01 9.10181746e-02  2.26381172e-09 9.59910497e-01 8.53995544e-01 2.09829114e-01
6.79745210e+01 2.25038198e-02 1.18139058e-01 1.08298678e-01  2.32284051e-09 9.71199019e-01 8.47424551e-01 1.96302850e-01
7.02403774e+01 2.22843458e-02 1.12755172e-01 1.15853372e-01  2.31997571e-09 9.78176607e-01 8.30778985e-01 1.82811917e-01
6.76698002e+01 2.24674113e-02 1.19709476e-01 8.37634057e-02  2.23944210e-09 9.62273654e-01 8.35776892e-01 1.99369775e-01
6.86018377e+01 2.22396623e-02 1.15898397e-01 8.78969234e-02  2.19059575e-09 9.75777958e-01 8.17552834e-01 1.91183237e-01
6.67807470e+01 2.20768548e-02 1.20151950e-01 4.72248327e-02  2.04488445e-09 9.69111975e-01 8.02714398e-01 2.01996900e-01
6.57734358e+01 2.18291852e-02 1.23339426e-01 3.49724489e-02  2.03819408e-09 9.52321784e-01 8.08239387e-01 2.09350826e-01
6.67225595e+01 2.17967398e-02 1.20991870e-01 8.21607506e-02  2.24301983e-09 9.57574478e-01 8.42380705e-01 2.03132514e-01
6.67953600e+01 2.22353593e-02 1.20288039e-01 5.74292856e-02  2.11564811e-09 9.63968939e-01 8.14501787e-01 2.02319783e-01
6.99457930e+01 2.24278776e-02 1.13865691e-01 3.72347225e-02  2.00050495e-09 9.71846120e-01 7.73102425e-01 1.85219213e-01
6.70851252e+01 2.22075318e-02 1.20649642e-01 1.50060935e-02  1.94044193e-09 9.62941365e-01 7.82203524e-01 2.02053126e-01
6.77588661e+01 2.27039514e-02 1.19302058e-01 7.61147914e-02  2.18563476e-09 9.64431544e-01 8.23232082e-01 1.98772509e-01
6.82519583e+01 2.24313299e-02 1.18021876e-01 7.80780939e-02  2.21010699e-09 9.70971056e-01 8.27254316e-01 1.95352194e-01
6.53497426e+01 2.19406600e-02 1.24008572e-01 5.19546388e-02  2.12291668e-09 9.56654751e-01 8.26925888e-01 2.11702037e-01
6.74062428e+01 2.19827736e-02 1.18733846e-01 1.03825837e-01  2.30815805e-09 9.62384897e-01 8.46640265e-01 1.98129434e-01
6.64305836e+01 2.21724305e-02 1.21728042e-01 2.84756415e-02  1.99766128e-09 9.69075537e-01 7.98275397e-01 2.05413395e-01
6.80108813e+01 2.22897023e-02 1.19046605e-01 9.15312481e-02  2.23397098e-09 9.66286273e-01 8.35162137e-01 1.97330229e-01
6.54335317e+01 2.15910333e-02 1.23411413e-01 1.00000090e-02  1.93030476e-09 9.56500115e-01 7.88567859e-01 2.10196798e-01
6.73004823e+01 2.21483405e-02 1.19660420e-01 1.00001352e-02  1.92131857e-09 9.60831788e-01 7.74589618e-01 1.99948582e-01
6.74917639e+01 2.21120751e-02 1.18549524e-01 1.31901736e-01  2.42627876e-09 9.78582188e-01 8.71790707e-01 1.97762431e-01
6.72127363e+01 2.22783873e-02 1.20147578e-01 2.76723215e-02  1.98657067e-09 9.52835358e-01 7.86255878e-01 2.01035547e-01
6.64151528e+01 2.23077994e-02 1.23118199e-01 4.01744782e-02  2.05557732e-09 9.56701415e-01 8.10882999e-01 2.07684469e-01
6.54275744e+01 2.16260139e-02 1.23365891e-01 1.00000208e-02  1.92883199e-09 9.51865954e-01 7.86510950e-01 2.10179375e-01
6.67452382e+01 2.20799755e-02 1.20768314e-01 7.22440730e-02  2.17282589e-09 9.64449982e-01 8.28546160e-01 2.03019197e-01
6.75946680e+01 2.21769416e-02 1.19394077e-01 7.14999529e-02  2.15967413e-09 9.69494917e-01 8.23331848e-01 1.98809330e-01
6.64626304e+01 2.20957414e-02 1.20695745e-01 7.40747233e-02  2.17431827e-09 9.64111021e-01 8.27489011e-01 2.03695151e-01
6.84929352e+01 2.22088514e-02 1.16694649e-01 1.19457468e-01  2.36781238e-09 9.76125785e-01 8.53814931e-01 1.92583575e-01
6.77171531e+01 2.23444353e-02 1.19110276e-01 7.37181128e-02  2.17772993e-09 9.71948622e-01 8.25496494e-01 1.98238239e-01
6.94065518e+01 2.27611045e-02 1.16294202e-01 1.56518555e-01  2.56645991e-09 9.71345249e-01 8.83751867e-01 1.90316183e-01
7.03948461e+01 2.25704780e-02 1.12663366e-01 1.02259523e-01  2.27104219e-09 9.86455414e-01 8.22609536e-01 1.82615384e-01
6.55753793e+01 2.19027315e-02 1.23386824e-01 2.98862229e-02  1.98144368e-09 9.59371091e-01 7.98130968e-01 2.10063021e-01
7.05213900e+01 2.24851883e-02 1.12357238e-01 1.37593297e-01  2.42501827e-09 9.86876543e-01 8.49492040e-01 1.81808818e-01
6.35299172e+01 2.13050010e-02 1.27776884e-01 4.98260174e-02  2.10899910e-09 9.46994182e-01 8.34623045e-01 2.22433681e-01
6.70993850e+01 2.27289067e-02 1.21359546e-01 8.42979933e-02  2.22417401e-09 9.66268138e-01 8.38134977e-01 2.03594270e-01
6.89509750e+01 2.27943413e-02 1.16766201e-01 1.33547321e-01  2.45129720e-09 9.77840900e-01 8.66747333e-01 1.92141042e-01
6.63527420e+01 2.15465790e-02 1.20418003e-01 1.00001286e-02  1.92246417e-09 9.62672798e-01 7.79702286e-01 2.03028157e-01
6.34903371e+01 2.19456350e-02 1.28935498e-01 2.12313975e-02  1.99028836e-09 9.48487995e-01 8.11439885e-01 2.25024566e-01
6.61799729e+01 2.18419245e-02 1.20944209e-01 1.00000865e-02  1.95268646e-09 9.61534451e-01 7.85203600e-01 2.04592391e-01
6.93595497e+01 2.23855657e-02 1.14646891e-01 7.99897508e-02  2.18054039e-09 9.77700943e-01 8.11401234e-01 1.87679157e-01
6.99372265e+01 2.25348526e-02 1.14464394e-01 6.42189013e-02  2.13244932e-09 9.77853476e-01 8.02018137e-01 1.86202187e-01
6.67178576e+01 2.19339119e-02 1.20496958e-01 7.74000664e-02  2.20230631e-09 9.68129287e-01 8.35000334e-01 2.02540667e-01
6.76910621e+01 2.22595095e-02 1.18910069e-01 1.00003614e-02  1.92408685e-09 9.75700812e-01 7.76696453e-01 1.97925343e-01
6.69245295e+01 2.16305449e-02 1.19293938e-01 7.97557096e-02  2.19853384e-09 9.68635524e-01 8.31761256e-01 1.99881986e-01
6.92616540e+01 2.27000525e-02 1.16493043e-01 1.01041080e-01  2.30690696e-09 9.72463591e-01 8.39285227e-01 1.90892748e-01
6.63780052e+01 2.23982600e-02 1.22368313e-01 4.26937512e-02  2.07034316e-09 9.61223725e-01 8.11354675e-01 2.06748954e-01
6.84481587e+01 2.20391015e-02 1.16305974e-01 6.54389556e-02  2.13617943e-09 9.72151973e-01 8.09017361e-01 1.91957440e-01
6.68232528e+01 2.22171773e-02 1.21004724e-01 1.09474950e-01  2.33220909e-09 9.63405835e-01 8.58380400e-01 2.03298940e-01
6.71811908e+01 2.26340485e-02 1.20610558e-01 7.04547944e-02  2.17839834e-09 9.65279548e-01 8.26760353e-01 2.02164296e-01
6.83378694e+01 2.21263203e-02 1.16588121e-01 8.48905044e-02  2.22294013e-09 9.66116639e-01 8.23832729e-01 1.92731758e-01
6.85555829e+01 2.23294461e-02 1.16188685e-01 1.00224891e-02  1.90720648e-09 9.71292575e-01 7.62159100e-01 1.91810443e-01
6.37591755e+01 2.12673037e-02 1.26462720e-01 1.00000047e-02  1.94787186e-09 9.47790712e-01 7.98376322e-01 2.19611651e-01
6.64547009e+01 2.20674643e-02 1.21400299e-01 4.66053641e-02  2.06368320e-09 9.62313140e-01 8.08674455e-01 2.04748746e-01
6.58785425e+01 2.22194909e-02 1.23657867e-01 4.18477670e-02  2.05913652e-09 9.60774935e-01 8.14028068e-01 2.09925324e-01
6.81776523e+01 2.20986205e-02 1.17589485e-01 1.34843692e-01  2.41662793e-09 9.72550241e-01 8.65563305e-01 1.94573737e-01
6.59628595e+01 2.17950696e-02 1.21557002e-01 1.27118492e-01  2.42722140e-09 9.59113705e-01 8.76982634e-01 2.06076047e-01
6.91520839e+01 2.25981389e-02 1.16313846e-01 7.15935602e-02  2.15124679e-09 9.78141285e-01 8.11852567e-01 1.90798198e-01
6.92872015e+01 2.24468747e-02 1.15497601e-01 1.18620422e-01  2.35617703e-09 9.76310480e-01 8.46465133e-01 1.89140865e-01
6.83896195e+01 2.21349642e-02 1.17470125e-01 6.78437558e-02  2.14934727e-09 9.70693318e-01 8.15559887e-01 1.93900981e-01
6.69511634e+01 2.23640275e-02 1.21424604e-01 8.40708203e-02  2.24266971e-09 9.57519280e-01 8.41048349e-01 2.03726975e-01
6.83073319e+01 2.21002639e-02 1.15956826e-01 2.84843194e-02  1.96852872e-09 9.74155501e-01 7.74984468e-01 1.91857774e-01
